Grille à résoudre :
+-------+-------+-------+
|       |       | 1     |
| 4     |       |       |
|       |   3   |       |
+-------+-------+-------+
|       | 2     |       |
|   8   |       |       |
|       |       |   6   |
+-------+-------+-------+
|     5 |       |       |
|       |     9 |       |
|       |       |     7 |
+-------+-------+-------+

Grille résolue :
+-------+-------+-------+
| 2 3 7 | 4 6 8 | 1 5 9 |
| 4 5 8 | 1 9 2 | 3 7 6 |
| 1 6 9 | 5 3 7 | 8 4 2 |
+-------+-------+-------+
| 3 1 4 | 2 5 6 | 7 9 8 |
| 5 8 6 | 9 7 1 | 4 2 3 |
| 7 9 2 | 3 8 4 | 5 6 1 |
+-------+-------+-------+
| 6 2 5 | 7 1 3 | 9 8 4 |
| 8 7 1 | 6 4 9 | 2 3 5 |
| 9 4 3 | 8 2 5 | 6 1 7 |
+-------+-------+-------+

Temps d'exécution : 0.00041 secondes
